#(kyrre) manually created log file for trying out the base "poses" (only 9 first columns relevant)
#straight out
2 512.0 512.0 512.0 512.0 512.0 512.0 512.0 512.0 512.0 0 0 0 0 0 0 0 0 0 0 0
#pose 1
6 770.0 40.0 770.0 40.0 770.0 40.0 770.0 40.0 512.0 0 0 0 0 0 0 0 0 0 0 0
12 770.0 40.0 770.0 40.0 770.0 40.0 770.0 40.0 512.0 0 0 0 0 0 0 0 0 0 0 0
#pose 2
16 700.0 100.0 700.0 100.0 700.0 100.0 700.0 100.0 512.0 0 0 0 0 0 0 0 0 0 0 0
20 700.0 100.0 700.0 100.0 700.0 100.0 700.0 100.0 512.0 0 0 0 0 0 0 0 0 0 0 0
#pose 3
24 512.0 150.0 512.0 150.0 512.0 150.0 512.0 150.0 512.0 0 0 0 0 0 0 0 0 0 0 0
28 512.0 150.0 512.0 150.0 512.0 150.0 512.0 150.0 512.0 0 0 0 0 0 0 0 0 0 0 0
#straight out
32 512.0 512.0 512.0 512.0 512.0 512.0 512.0 512.0 512.0 0 0 0 0 0 0 0 0 0 0 0